{
 "cells": [
  {
   "cell_type": "code",
   "execution_count": 1,
   "metadata": {
    "collapsed": true
   },
   "outputs": [],
   "source": [
    "# Useful starting lines\n",
    "%matplotlib inline\n",
    "import numpy as np\n",
    "import matplotlib.pyplot as plt\n",
    "%load_ext autoreload\n",
    "%autoreload 2"
   ]
  },
  {
   "cell_type": "markdown",
   "metadata": {},
   "source": [
    "## Load the training data into feature matrix, class labels, and event ids:"
   ]
  },
  {
   "cell_type": "code",
   "execution_count": 5,
   "metadata": {
    "collapsed": false
   },
   "outputs": [],
   "source": [
    "from proj1_helpers import *\n",
    "DATA_TRAIN_PATH =\"C:\\\\Users\\\\Ana\\\\Documents\\\\ML\\\\projects\\\\project1\\\\scripts\\\\train.csv\" # TODO: download train data and supply path here \n",
    "y, tX, ids = load_csv_data(DATA_TRAIN_PATH)"
   ]
  },
  {
   "cell_type": "markdown",
   "metadata": {},
   "source": [
    "## Do your thing crazy machine learning thing here :) ..."
   ]
  },
  {
   "cell_type": "code",
   "execution_count": 50,
   "metadata": {
    "collapsed": true
   },
   "outputs": [],
   "source": [
    "def build_poly(x, degree): # function fi is sum of a data of all dimensions, powered to i in (1,degree)\n",
    "    \"\"\"polynomial basis functions for input data x, for j=0 up to j=degree.\"\"\"\n",
    "    fi=len(x)*[1]\n",
    "    new_col = [0]*len(x)\n",
    "    for i in range(1,degree+1):\n",
    "        for j in range(len(x[i])):\n",
    "            new_col = new_col + np.apply_along_axis(pow, 0, x[:,j], i)\n",
    "        fi= np.column_stack((fi, new_col))\n",
    "    return fi "
   ]
  },
  {
   "cell_type": "code",
   "execution_count": 49,
   "metadata": {
    "collapsed": false
   },
   "outputs": [],
   "source": [
    "def least_squares(y, tX):\n",
    "    \"\"\"calculate the least squares solution.\"\"\"\n",
    "    \"\"\"ovde moze da bude problem ako je matrica ill conditioned!!! proveri!!!\"\"\"\n",
    "    XXT = np.transpose(tX).dot(tX)\n",
    "    XXTI = np.linalg.inv(XXT)\n",
    "    return XXTI.dot(np.transpose(tX)).dot(y)\n",
    "\n",
    "def compute_mse(y, tx, w):\n",
    "    e = y-tx.dot(w)\n",
    "    return 1/2/len(y)*(e.transpose()).dot(e)"
   ]
  },
  {
   "cell_type": "code",
   "execution_count": 60,
   "metadata": {
    "collapsed": false
   },
   "outputs": [
    {
     "name": "stdout",
     "output_type": "stream",
     "text": [
      "[  5.39291023e+001  -1.13009166e-001   1.02572441e-003  -3.34931489e-006\n",
      "   4.26799460e-009  -6.57485496e-013  -3.74635912e-015   4.00360703e-018\n",
      "  -1.67348348e-021   1.64957691e-025   1.07980547e-028  -3.99994202e-032\n",
      "   4.56820006e-036  -3.92756936e-041   4.79286001e-044  -7.60955146e-047\n",
      "   4.32781968e-050  -1.25436242e-053   1.07787662e-057   4.11016097e-061\n",
      "  -1.04449098e-064  -6.13786310e-069   4.26933873e-072  -2.88974731e-076\n",
      "  -4.72104505e-080   1.48810368e-083  -1.10909777e-087  -1.08346646e-090\n",
      "   3.91381941e-094  -5.30705854e-098   2.70165039e-102]\n",
      "89.7253077647\n"
     ]
    }
   ],
   "source": [
    "fi=build_poly(tX,30)\n",
    "weight = least_squares(y,fi)\n",
    "print(weight)\n",
    "rmse_ls = np.sqrt(2*compute_mse(y,fi,weight))\n",
    "print(rmse_ls)"
   ]
  },
  {
   "cell_type": "code",
   "execution_count": 75,
   "metadata": {
    "collapsed": true
   },
   "outputs": [],
   "source": [
    "def ridge_regression(y, tX, lambda_):\n",
    "    \"\"\"implement ridge regression.\"\"\"\n",
    "    XXT = np.transpose(tX).dot(tX)\n",
    "    print(XXT)\n",
    "    XXT_ridge = XXT + 2*len(y)*lambda_*np.identity(tX.shape[1])\n",
    "    print(XXT_ridge)\n",
    "    XXTI = np.linalg.inv(XXT_ridge)\n",
    "    XXTIT = XXTI.dot(np.transpose(tX))\n",
    "    return XXTIT.dot(y)\n",
    "\n",
    "def compute_mse_ridge(y, tx, w, lamb):\n",
    "    e = y-tx.dot(w)\n",
    "    return 1/2/len(y)*(e.transpose()).dot(e) + lamb*(w.transpose().dot(w))"
   ]
  },
  {
   "cell_type": "code",
   "execution_count": 76,
   "metadata": {
    "collapsed": false
   },
   "outputs": [
    {
     "name": "stdout",
     "output_type": "stream",
     "text": [
      "[[  2.50000000e+005  -1.31355435e+009   1.63816166e+012  -1.53336072e+015\n",
      "    1.62653634e+018  -1.46234213e+021   1.83636835e+024  -8.04193194e+026\n",
      "    4.00130532e+030   6.93413089e+033   3.34501945e+037   1.25274807e+041\n",
      "    5.30011358e+044   2.28197205e+048   1.01541710e+052   4.61492633e+055\n",
      "    2.13443910e+059   1.00055038e+063   4.74020388e+066   2.26457439e+070\n",
      "    1.08909780e+074   5.26581067e+077   2.55704133e+081   1.24605688e+085\n",
      "    6.08966315e+088   2.98324130e+092   1.46437160e+096   7.20018894e+099\n",
      "    3.54531120e+103   1.74779913e+107   8.62542391e+110]\n",
      " [ -1.31355435e+009   1.26293744e+013  -1.32847822e+016   1.33899378e+019\n",
      "   -1.30722974e+022   1.37126125e+025  -1.20276193e+028   1.69453138e+031\n",
      "   -7.13306313e+032   5.88160801e+037   1.64095428e+041   7.38121411e+044\n",
      "    3.07213608e+048   1.35626547e+052   6.09703750e+055   2.79809059e+059\n",
      "    1.30317357e+063   6.14208708e+066   2.92207828e+070   1.40057971e+074\n",
      "    6.75335405e+077   3.27210495e+081   1.59162165e+085   7.76693631e+088\n",
      "    3.80026082e+092   1.86353148e+096   9.15511924e+099   4.50473659e+103\n",
      "    2.21947657e+107   1.09477191e+111   5.40529605e+114]\n",
      " [  1.63816166e+012  -1.32847822e+016   1.47255984e+019  -1.43258963e+022\n",
      "    1.47874358e+025  -1.36155777e+028   1.70653618e+031  -5.43339795e+033\n",
      "    4.77698707e+037   1.17072573e+041   5.58437743e+044   2.32470465e+048\n",
      "    1.03754921e+052   4.69576707e+055   2.16829916e+059   1.01489984e+063\n",
      "    4.80321012e+066   2.29287628e+070   1.10206245e+074   5.32611475e+077\n",
      "    2.58543599e+081   1.25955711e+085   6.15434965e+088   3.01442957e+092\n",
      "    1.47948472e+096   7.27372394e+099   3.58121061e+103   1.76537338e+107\n",
      "    8.71165355e+110   4.30287593e+114   2.12695708e+118]\n",
      " [ -1.53336072e+015   1.33899378e+019  -1.43258963e+022   1.45791759e+025\n",
      "   -1.35204739e+028   1.67681676e+031  -5.66337915e+033   4.64473201e+037\n",
      "    1.13453109e+041   5.45281022e+044   2.27751825e+048   1.01939768e+052\n",
      "    4.62311286e+055   2.13802620e+059   1.00187074e+063   4.74559567e+066\n",
      "    2.26683447e+070   1.09008160e+074   5.27020901e+077   2.55905132e+081\n",
      "    1.24699108e+085   6.09406263e+088   2.98533455e+092   1.46537560e+096\n",
      "    7.20503525e+099   3.54766241e+103   1.74894449e+107   8.63102185e+110\n",
      "    4.26322952e+114   2.10743286e+118   1.04247076e+122]\n",
      " [  1.62653634e+018  -1.30722974e+022   1.47874358e+025  -1.35204739e+028\n",
      "    1.68143124e+031  -5.69995520e+033   4.64647446e+037   1.13327487e+041\n",
      "    5.44911852e+044   2.27566964e+048   1.01859732e+052   4.61956440e+055\n",
      "    2.13646556e+059   1.00118121e+063   4.74253045e+066   2.26545970e+070\n",
      "    1.08945874e+074   5.26735701e+077   2.55773176e+081   1.24637453e+085\n",
      "    6.09115607e+088   2.98395341e+092   1.46471476e+096   7.20185446e+099\n",
      "    3.54612365e+103   1.74819691e+107   8.62737675e+110   4.26144686e+114\n",
      "    2.10655884e+118   1.04204134e+122   5.15768148e+125]\n",
      " [ -1.46234213e+021   1.37126125e+025  -1.36155777e+028   1.67681676e+031\n",
      "   -5.69995520e+033   4.63900069e+037   1.13206195e+041   5.44480736e+044\n",
      "    2.27448742e+048   1.01822893e+052   4.61841653e+055   2.13609143e+059\n",
      "    1.00105507e+063   4.74208747e+066   2.26529762e+070   1.08939693e+074\n",
      "    5.26711172e+077   2.55763077e+081   1.24633158e+085   6.09096818e+088\n",
      "    2.98386927e+092   1.46467634e+096   7.20167624e+099   3.54603991e+103\n",
      "    1.74815716e+107   8.62718646e+110   4.26135516e+114   2.10651440e+118\n",
      "    1.04201971e+122   5.15757581e+125   2.55412639e+129]\n",
      " [  1.83636835e+024  -1.20276193e+028   1.70653618e+031  -5.66337915e+033\n",
      "    4.64647446e+037   1.13206195e+041   5.44583071e+044   2.27460165e+048\n",
      "    1.01827068e+052   4.61850819e+055   2.13611440e+059   1.00105969e+063\n",
      "    4.74209356e+066   2.26529637e+070   1.08939533e+074   5.26710184e+077\n",
      "    2.55762567e+081   1.24632912e+085   6.09095676e+088   2.98386402e+092\n",
      "    1.46467394e+096   7.20166522e+099   3.54603482e+103   1.74815479e+107\n",
      "    8.62717538e+110   4.26134992e+114   2.10651191e+118   1.04201852e+122\n",
      "    5.15757008e+125   2.55412361e+129   1.26543303e+133]\n",
      " [ -8.04193194e+026   1.69453138e+031  -5.43339795e+033   4.64473201e+037\n",
      "    1.13327487e+041   5.44480736e+044   2.27460165e+048   1.01823174e+052\n",
      "    4.61842835e+055   2.13608735e+059   1.00105203e+063   4.74207020e+066\n",
      "    2.26528927e+070   1.08939311e+074   5.26709482e+077   2.55762339e+081\n",
      "    1.24632836e+085   6.09095412e+088   2.98386308e+092   1.46467359e+096\n",
      "    7.20166389e+099   3.54603430e+103   1.74815458e+107   8.62717447e+110\n",
      "    4.26134953e+114   2.10651174e+118   1.04201844e+122   5.15756972e+125\n",
      "    2.55412344e+129   1.26543295e+133   6.27211492e+136]\n",
      " [  4.00130532e+030  -7.13306313e+032   4.77698707e+037   1.13453109e+041\n",
      "    5.44911852e+044   2.27448742e+048   1.01827068e+052   4.61842835e+055\n",
      "    2.13609538e+059   1.00105323e+063   4.74207432e+066   2.26529030e+070\n",
      "    1.08939340e+074   5.26709556e+077   2.55762357e+081   1.24632840e+085\n",
      "    6.09095420e+088   2.98386309e+092   1.46467359e+096   7.20166384e+099\n",
      "    3.54603427e+103   1.74815456e+107   8.62717441e+110   4.26134950e+114\n",
      "    2.10651173e+118   1.04201843e+122   5.15756969e+125   2.55412343e+129\n",
      "    1.26543294e+133   6.27211490e+136   3.10990220e+140]\n",
      " [  6.93413089e+033   5.88160801e+037   1.17072573e+041   5.45281022e+044\n",
      "    2.27566964e+048   1.01822893e+052   4.61850819e+055   2.13608735e+059\n",
      "    1.00105323e+063   4.74207137e+066   2.26528968e+070   1.08939319e+074\n",
      "    5.26709496e+077   2.55762339e+081   1.24632835e+085   6.09095403e+088\n",
      "    2.98386303e+092   1.46467357e+096   7.20166379e+099   3.54603425e+103\n",
      "    1.74815456e+107   8.62717439e+110   4.26134950e+114   2.10651173e+118\n",
      "    1.04201843e+122   5.15756969e+125   2.55412343e+129   1.26543294e+133\n",
      "    6.27211490e+136   3.10990220e+140   1.54248217e+144]\n",
      " [  3.34501945e+037   1.64095428e+041   5.58437743e+044   2.27751825e+048\n",
      "    1.01859732e+052   4.61841653e+055   2.13611440e+059   1.00105203e+063\n",
      "    4.74207432e+066   2.26528968e+070   1.08939325e+074   5.26709506e+077\n",
      "    2.55762343e+081   1.24632835e+085   6.09095406e+088   2.98386304e+092\n",
      "    1.46467357e+096   7.20166380e+099   3.54603426e+103   1.74815456e+107\n",
      "    8.62717439e+110   4.26134950e+114   2.10651173e+118   1.04201843e+122\n",
      "    5.15756969e+125   2.55412343e+129   1.26543294e+133   6.27211490e+136\n",
      "    3.10990220e+140   1.54248217e+144   7.65278121e+147]\n",
      " [  1.25274807e+041   7.38121411e+044   2.32470465e+048   1.01939768e+052\n",
      "    4.61956440e+055   2.13609143e+059   1.00105969e+063   4.74207020e+066\n",
      "    2.26529030e+070   1.08939319e+074   5.26709506e+077   2.55762340e+081\n",
      "    1.24632835e+085   6.09095404e+088   2.98386304e+092   1.46467357e+096\n",
      "    7.20166379e+099   3.54603425e+103   1.74815456e+107   8.62717439e+110\n",
      "    4.26134950e+114   2.10651173e+118   1.04201843e+122   5.15756969e+125\n",
      "    2.55412343e+129   1.26543294e+133   6.27211490e+136   3.10990220e+140\n",
      "    1.54248217e+144   7.65278121e+147   3.79779083e+151]\n",
      " [  5.30011358e+044   3.07213608e+048   1.03754921e+052   4.62311286e+055\n",
      "    2.13646556e+059   1.00105507e+063   4.74209356e+066   2.26528927e+070\n",
      "    1.08939340e+074   5.26709496e+077   2.55762343e+081   1.24632835e+085\n",
      "    6.09095405e+088   2.98386304e+092   1.46467357e+096   7.20166379e+099\n",
      "    3.54603425e+103   1.74815456e+107   8.62717439e+110   4.26134950e+114\n",
      "    2.10651173e+118   1.04201843e+122   5.15756969e+125   2.55412343e+129\n",
      "    1.26543294e+133   6.27211490e+136   3.10990220e+140   1.54248217e+144\n",
      "    7.65278121e+147   3.79779083e+151   1.88514101e+155]\n",
      " [  2.28197205e+048   1.35626547e+052   4.69576707e+055   2.13802620e+059\n",
      "    1.00118121e+063   4.74208747e+066   2.26529637e+070   1.08939311e+074\n",
      "    5.26709556e+077   2.55762339e+081   1.24632835e+085   6.09095404e+088\n",
      "    2.98386304e+092   1.46467357e+096   7.20166379e+099   3.54603425e+103\n",
      "    1.74815456e+107   8.62717439e+110   4.26134950e+114   2.10651173e+118\n",
      "    1.04201843e+122   5.15756969e+125   2.55412343e+129   1.26543294e+133\n",
      "    6.27211490e+136   3.10990220e+140   1.54248217e+144   7.65278121e+147\n",
      "    3.79779083e+151   1.88514101e+155   9.35938924e+158]\n",
      " [  1.01541710e+052   6.09703750e+055   2.16829916e+059   1.00187074e+063\n",
      "    4.74253045e+066   2.26529762e+070   1.08939533e+074   5.26709482e+077\n",
      "    2.55762357e+081   1.24632835e+085   6.09095406e+088   2.98386304e+092\n",
      "    1.46467357e+096   7.20166379e+099   3.54603425e+103   1.74815456e+107\n",
      "    8.62717439e+110   4.26134950e+114   2.10651173e+118   1.04201843e+122\n",
      "    5.15756969e+125   2.55412343e+129   1.26543294e+133   6.27211490e+136\n",
      "    3.10990220e+140   1.54248217e+144   7.65278121e+147   3.79779083e+151\n",
      "    1.88514101e+155   9.35938924e+158   4.64764570e+162]\n",
      " [  4.61492633e+055   2.79809059e+059   1.01489984e+063   4.74559567e+066\n",
      "    2.26545970e+070   1.08939693e+074   5.26710184e+077   2.55762339e+081\n",
      "    1.24632840e+085   6.09095403e+088   2.98386304e+092   1.46467357e+096\n",
      "    7.20166379e+099   3.54603425e+103   1.74815456e+107   8.62717439e+110\n",
      "    4.26134950e+114   2.10651173e+118   1.04201843e+122   5.15756969e+125\n",
      "    2.55412343e+129   1.26543294e+133   6.27211490e+136   3.10990220e+140\n",
      "    1.54248217e+144   7.65278121e+147   3.79779083e+151   1.88514101e+155\n",
      "    9.35938924e+158   4.64764570e+162   2.30830043e+166]\n",
      " [  2.13443910e+059   1.30317357e+063   4.80321012e+066   2.26683447e+070\n",
      "    1.08945874e+074   5.26711172e+077   2.55762567e+081   1.24632836e+085\n",
      "    6.09095420e+088   2.98386303e+092   1.46467357e+096   7.20166379e+099\n",
      "    3.54603425e+103   1.74815456e+107   8.62717439e+110   4.26134950e+114\n",
      "    2.10651173e+118   1.04201843e+122   5.15756969e+125   2.55412343e+129\n",
      "    1.26543294e+133   6.27211490e+136   3.10990220e+140   1.54248217e+144\n",
      "    7.65278121e+147   3.79779083e+151   1.88514101e+155   9.35938924e+158\n",
      "    4.64764570e+162   2.30830043e+166   1.14661685e+170]\n",
      " [  1.00055038e+063   6.14208708e+066   2.29287628e+070   1.09008160e+074\n",
      "    5.26735701e+077   2.55763077e+081   1.24632912e+085   6.09095412e+088\n",
      "    2.98386309e+092   1.46467357e+096   7.20166380e+099   3.54603425e+103\n",
      "    1.74815456e+107   8.62717439e+110   4.26134950e+114   2.10651173e+118\n",
      "    1.04201843e+122   5.15756969e+125   2.55412343e+129   1.26543294e+133\n",
      "    6.27211490e+136   3.10990220e+140   1.54248217e+144   7.65278121e+147\n",
      "    3.79779083e+151   1.88514101e+155   9.35938924e+158   4.64764570e+162\n",
      "    2.30830043e+166   1.14661685e+170   5.69645397e+173]\n",
      " [  4.74020388e+066   2.92207828e+070   1.10206245e+074   5.27020901e+077\n",
      "    2.55773176e+081   1.24633158e+085   6.09095676e+088   2.98386308e+092\n",
      "    1.46467359e+096   7.20166379e+099   3.54603426e+103   1.74815456e+107\n",
      "    8.62717439e+110   4.26134950e+114   2.10651173e+118   1.04201843e+122\n",
      "    5.15756969e+125   2.55412343e+129   1.26543294e+133   6.27211490e+136\n",
      "    3.10990220e+140   1.54248217e+144   7.65278121e+147   3.79779083e+151\n",
      "    1.88514101e+155   9.35938924e+158   4.64764570e+162   2.30830043e+166\n",
      "    1.14661685e+170   5.69645397e+173   2.83038448e+177]\n",
      " [  2.26457439e+070   1.40057971e+074   5.32611475e+077   2.55905132e+081\n",
      "    1.24637453e+085   6.09096818e+088   2.98386402e+092   1.46467359e+096\n",
      "    7.20166384e+099   3.54603425e+103   1.74815456e+107   8.62717439e+110\n",
      "    4.26134950e+114   2.10651173e+118   1.04201843e+122   5.15756969e+125\n",
      "    2.55412343e+129   1.26543294e+133   6.27211490e+136   3.10990220e+140\n",
      "    1.54248217e+144   7.65278121e+147   3.79779083e+151   1.88514101e+155\n",
      "    9.35938924e+158   4.64764570e+162   2.30830043e+166   1.14661685e+170\n",
      "    5.69645397e+173   2.83038448e+177   1.40648698e+181]\n",
      " [  1.08909780e+074   6.75335405e+077   2.58543599e+081   1.24699108e+085\n",
      "    6.09115607e+088   2.98386927e+092   1.46467394e+096   7.20166389e+099\n",
      "    3.54603427e+103   1.74815456e+107   8.62717439e+110   4.26134950e+114\n",
      "    2.10651173e+118   1.04201843e+122   5.15756969e+125   2.55412343e+129\n",
      "    1.26543294e+133   6.27211490e+136   3.10990220e+140   1.54248217e+144\n",
      "    7.65278121e+147   3.79779083e+151   1.88514101e+155   9.35938924e+158\n",
      "    4.64764570e+162   2.30830043e+166   1.14661685e+170   5.69645397e+173\n",
      "    2.83038448e+177   1.40648698e+181   6.98989797e+184]\n",
      " [  5.26581067e+077   3.27210495e+081   1.25955711e+085   6.09406263e+088\n",
      "    2.98395341e+092   1.46467634e+096   7.20166522e+099   3.54603430e+103\n",
      "    1.74815456e+107   8.62717439e+110   4.26134950e+114   2.10651173e+118\n",
      "    1.04201843e+122   5.15756969e+125   2.55412343e+129   1.26543294e+133\n",
      "    6.27211490e+136   3.10990220e+140   1.54248217e+144   7.65278121e+147\n",
      "    3.79779083e+151   1.88514101e+155   9.35938924e+158   4.64764570e+162\n",
      "    2.30830043e+166   1.14661685e+170   5.69645397e+173   2.83038448e+177\n",
      "    1.40648698e+181   6.98989797e+184   3.47413462e+188]\n",
      " [  2.55704133e+081   1.59162165e+085   6.15434965e+088   2.98533455e+092\n",
      "    1.46471476e+096   7.20167624e+099   3.54603482e+103   1.74815458e+107\n",
      "    8.62717441e+110   4.26134950e+114   2.10651173e+118   1.04201843e+122\n",
      "    5.15756969e+125   2.55412343e+129   1.26543294e+133   6.27211490e+136\n",
      "    3.10990220e+140   1.54248217e+144   7.65278121e+147   3.79779083e+151\n",
      "    1.88514101e+155   9.35938924e+158   4.64764570e+162   2.30830043e+166\n",
      "    1.14661685e+170   5.69645397e+173   2.83038448e+177   1.40648698e+181\n",
      "    6.98989797e+184   3.47413462e+188   1.72686903e+192]\n",
      " [  1.24605688e+085   7.76693631e+088   3.01442957e+092   1.46537560e+096\n",
      "    7.20185446e+099   3.54603991e+103   1.74815479e+107   8.62717447e+110\n",
      "    4.26134950e+114   2.10651173e+118   1.04201843e+122   5.15756969e+125\n",
      "    2.55412343e+129   1.26543294e+133   6.27211490e+136   3.10990220e+140\n",
      "    1.54248217e+144   7.65278121e+147   3.79779083e+151   1.88514101e+155\n",
      "    9.35938924e+158   4.64764570e+162   2.30830043e+166   1.14661685e+170\n",
      "    5.69645397e+173   2.83038448e+177   1.40648698e+181   6.98989797e+184\n",
      "    3.47413462e+188   1.72686903e+192   8.58431666e+195]\n",
      " [  6.08966315e+088   3.80026082e+092   1.47948472e+096   7.20503525e+099\n",
      "    3.54612365e+103   1.74815716e+107   8.62717538e+110   4.26134953e+114\n",
      "    2.10651173e+118   1.04201843e+122   5.15756969e+125   2.55412343e+129\n",
      "    1.26543294e+133   6.27211490e+136   3.10990220e+140   1.54248217e+144\n",
      "    7.65278121e+147   3.79779083e+151   1.88514101e+155   9.35938924e+158\n",
      "    4.64764570e+162   2.30830043e+166   1.14661685e+170   5.69645397e+173\n",
      "    2.83038448e+177   1.40648698e+181   6.98989797e+184   3.47413462e+188\n",
      "    1.72686903e+192   8.58431666e+195   4.26758896e+199]\n",
      " [  2.98324130e+092   1.86353148e+096   7.27372394e+099   3.54766241e+103\n",
      "    1.74819691e+107   8.62718646e+110   4.26134992e+114   2.10651174e+118\n",
      "    1.04201843e+122   5.15756969e+125   2.55412343e+129   1.26543294e+133\n",
      "    6.27211490e+136   3.10990220e+140   1.54248217e+144   7.65278121e+147\n",
      "    3.79779083e+151   1.88514101e+155   9.35938924e+158   4.64764570e+162\n",
      "    2.30830043e+166   1.14661685e+170   5.69645397e+173   2.83038448e+177\n",
      "    1.40648698e+181   6.98989797e+184   3.47413462e+188   1.72686903e+192\n",
      "    8.58431666e+195   4.26758896e+199   2.12171575e+203]\n",
      " [  1.46437160e+096   9.15511924e+099   3.58121061e+103   1.74894449e+107\n",
      "    8.62737675e+110   4.26135516e+114   2.10651191e+118   1.04201844e+122\n",
      "    5.15756969e+125   2.55412343e+129   1.26543294e+133   6.27211490e+136\n",
      "    3.10990220e+140   1.54248217e+144   7.65278121e+147   3.79779083e+151\n",
      "    1.88514101e+155   9.35938924e+158   4.64764570e+162   2.30830043e+166\n",
      "    1.14661685e+170   5.69645397e+173   2.83038448e+177   1.40648698e+181\n",
      "    6.98989797e+184   3.47413462e+188   1.72686903e+192   8.58431666e+195\n",
      "    4.26758896e+199   2.12171575e+203   1.05491406e+207]\n",
      " [  7.20018894e+099   4.50473659e+103   1.76537338e+107   8.63102185e+110\n",
      "    4.26144686e+114   2.10651440e+118   1.04201852e+122   5.15756972e+125\n",
      "    2.55412343e+129   1.26543294e+133   6.27211490e+136   3.10990220e+140\n",
      "    1.54248217e+144   7.65278121e+147   3.79779083e+151   1.88514101e+155\n",
      "    9.35938924e+158   4.64764570e+162   2.30830043e+166   1.14661685e+170\n",
      "    5.69645397e+173   2.83038448e+177   1.40648698e+181   6.98989797e+184\n",
      "    3.47413462e+188   1.72686903e+192   8.58431666e+195   4.26758896e+199\n",
      "    2.12171575e+203   1.05491406e+207   5.24529547e+210]\n",
      " [  3.54531120e+103   2.21947657e+107   8.71165355e+110   4.26322952e+114\n",
      "    2.10655884e+118   1.04201971e+122   5.15757008e+125   2.55412344e+129\n",
      "    1.26543294e+133   6.27211490e+136   3.10990220e+140   1.54248217e+144\n",
      "    7.65278121e+147   3.79779083e+151   1.88514101e+155   9.35938924e+158\n",
      "    4.64764570e+162   2.30830043e+166   1.14661685e+170   5.69645397e+173\n",
      "    2.83038448e+177   1.40648698e+181   6.98989797e+184   3.47413462e+188\n",
      "    1.72686903e+192   8.58431666e+195   4.26758896e+199   2.12171575e+203\n",
      "    1.05491406e+207   5.24529547e+210   2.60821733e+214]\n",
      " [  1.74779913e+107   1.09477191e+111   4.30287593e+114   2.10743286e+118\n",
      "    1.04204134e+122   5.15757581e+125   2.55412361e+129   1.26543295e+133\n",
      "    6.27211490e+136   3.10990220e+140   1.54248217e+144   7.65278121e+147\n",
      "    3.79779083e+151   1.88514101e+155   9.35938924e+158   4.64764570e+162\n",
      "    2.30830043e+166   1.14661685e+170   5.69645397e+173   2.83038448e+177\n",
      "    1.40648698e+181   6.98989797e+184   3.47413462e+188   1.72686903e+192\n",
      "    8.58431666e+195   4.26758896e+199   2.12171575e+203   1.05491406e+207\n",
      "    5.24529547e+210   2.60821733e+214   1.29699013e+218]\n",
      " [  8.62542391e+110   5.40529605e+114   2.12695708e+118   1.04247076e+122\n",
      "    5.15768148e+125   2.55412639e+129   1.26543303e+133   6.27211492e+136\n",
      "    3.10990220e+140   1.54248217e+144   7.65278121e+147   3.79779083e+151\n",
      "    1.88514101e+155   9.35938924e+158   4.64764570e+162   2.30830043e+166\n",
      "    1.14661685e+170   5.69645397e+173   2.83038448e+177   1.40648698e+181\n",
      "    6.98989797e+184   3.47413462e+188   1.72686903e+192   8.58431666e+195\n",
      "    4.26758896e+199   2.12171575e+203   1.05491406e+207   5.24529547e+210\n",
      "    2.60821733e+214   1.29699013e+218   6.44981039e+221]]\n",
      "[[  5.00250000e+008  -1.31355435e+009   1.63816166e+012  -1.53336072e+015\n",
      "    1.62653634e+018  -1.46234213e+021   1.83636835e+024  -8.04193194e+026\n",
      "    4.00130532e+030   6.93413089e+033   3.34501945e+037   1.25274807e+041\n",
      "    5.30011358e+044   2.28197205e+048   1.01541710e+052   4.61492633e+055\n",
      "    2.13443910e+059   1.00055038e+063   4.74020388e+066   2.26457439e+070\n",
      "    1.08909780e+074   5.26581067e+077   2.55704133e+081   1.24605688e+085\n",
      "    6.08966315e+088   2.98324130e+092   1.46437160e+096   7.20018894e+099\n",
      "    3.54531120e+103   1.74779913e+107   8.62542391e+110]\n",
      " [ -1.31355435e+009   1.26298744e+013  -1.32847822e+016   1.33899378e+019\n",
      "   -1.30722974e+022   1.37126125e+025  -1.20276193e+028   1.69453138e+031\n",
      "   -7.13306313e+032   5.88160801e+037   1.64095428e+041   7.38121411e+044\n",
      "    3.07213608e+048   1.35626547e+052   6.09703750e+055   2.79809059e+059\n",
      "    1.30317357e+063   6.14208708e+066   2.92207828e+070   1.40057971e+074\n",
      "    6.75335405e+077   3.27210495e+081   1.59162165e+085   7.76693631e+088\n",
      "    3.80026082e+092   1.86353148e+096   9.15511924e+099   4.50473659e+103\n",
      "    2.21947657e+107   1.09477191e+111   5.40529605e+114]\n",
      " [  1.63816166e+012  -1.32847822e+016   1.47255984e+019  -1.43258963e+022\n",
      "    1.47874358e+025  -1.36155777e+028   1.70653618e+031  -5.43339795e+033\n",
      "    4.77698707e+037   1.17072573e+041   5.58437743e+044   2.32470465e+048\n",
      "    1.03754921e+052   4.69576707e+055   2.16829916e+059   1.01489984e+063\n",
      "    4.80321012e+066   2.29287628e+070   1.10206245e+074   5.32611475e+077\n",
      "    2.58543599e+081   1.25955711e+085   6.15434965e+088   3.01442957e+092\n",
      "    1.47948472e+096   7.27372394e+099   3.58121061e+103   1.76537338e+107\n",
      "    8.71165355e+110   4.30287593e+114   2.12695708e+118]\n",
      " [ -1.53336072e+015   1.33899378e+019  -1.43258963e+022   1.45791759e+025\n",
      "   -1.35204739e+028   1.67681676e+031  -5.66337915e+033   4.64473201e+037\n",
      "    1.13453109e+041   5.45281022e+044   2.27751825e+048   1.01939768e+052\n",
      "    4.62311286e+055   2.13802620e+059   1.00187074e+063   4.74559567e+066\n",
      "    2.26683447e+070   1.09008160e+074   5.27020901e+077   2.55905132e+081\n",
      "    1.24699108e+085   6.09406263e+088   2.98533455e+092   1.46537560e+096\n",
      "    7.20503525e+099   3.54766241e+103   1.74894449e+107   8.63102185e+110\n",
      "    4.26322952e+114   2.10743286e+118   1.04247076e+122]\n",
      " [  1.62653634e+018  -1.30722974e+022   1.47874358e+025  -1.35204739e+028\n",
      "    1.68143124e+031  -5.69995520e+033   4.64647446e+037   1.13327487e+041\n",
      "    5.44911852e+044   2.27566964e+048   1.01859732e+052   4.61956440e+055\n",
      "    2.13646556e+059   1.00118121e+063   4.74253045e+066   2.26545970e+070\n",
      "    1.08945874e+074   5.26735701e+077   2.55773176e+081   1.24637453e+085\n",
      "    6.09115607e+088   2.98395341e+092   1.46471476e+096   7.20185446e+099\n",
      "    3.54612365e+103   1.74819691e+107   8.62737675e+110   4.26144686e+114\n",
      "    2.10655884e+118   1.04204134e+122   5.15768148e+125]\n",
      " [ -1.46234213e+021   1.37126125e+025  -1.36155777e+028   1.67681676e+031\n",
      "   -5.69995520e+033   4.63900069e+037   1.13206195e+041   5.44480736e+044\n",
      "    2.27448742e+048   1.01822893e+052   4.61841653e+055   2.13609143e+059\n",
      "    1.00105507e+063   4.74208747e+066   2.26529762e+070   1.08939693e+074\n",
      "    5.26711172e+077   2.55763077e+081   1.24633158e+085   6.09096818e+088\n",
      "    2.98386927e+092   1.46467634e+096   7.20167624e+099   3.54603991e+103\n",
      "    1.74815716e+107   8.62718646e+110   4.26135516e+114   2.10651440e+118\n",
      "    1.04201971e+122   5.15757581e+125   2.55412639e+129]\n",
      " [  1.83636835e+024  -1.20276193e+028   1.70653618e+031  -5.66337915e+033\n",
      "    4.64647446e+037   1.13206195e+041   5.44583071e+044   2.27460165e+048\n",
      "    1.01827068e+052   4.61850819e+055   2.13611440e+059   1.00105969e+063\n",
      "    4.74209356e+066   2.26529637e+070   1.08939533e+074   5.26710184e+077\n",
      "    2.55762567e+081   1.24632912e+085   6.09095676e+088   2.98386402e+092\n",
      "    1.46467394e+096   7.20166522e+099   3.54603482e+103   1.74815479e+107\n",
      "    8.62717538e+110   4.26134992e+114   2.10651191e+118   1.04201852e+122\n",
      "    5.15757008e+125   2.55412361e+129   1.26543303e+133]\n",
      " [ -8.04193194e+026   1.69453138e+031  -5.43339795e+033   4.64473201e+037\n",
      "    1.13327487e+041   5.44480736e+044   2.27460165e+048   1.01823174e+052\n",
      "    4.61842835e+055   2.13608735e+059   1.00105203e+063   4.74207020e+066\n",
      "    2.26528927e+070   1.08939311e+074   5.26709482e+077   2.55762339e+081\n",
      "    1.24632836e+085   6.09095412e+088   2.98386308e+092   1.46467359e+096\n",
      "    7.20166389e+099   3.54603430e+103   1.74815458e+107   8.62717447e+110\n",
      "    4.26134953e+114   2.10651174e+118   1.04201844e+122   5.15756972e+125\n",
      "    2.55412344e+129   1.26543295e+133   6.27211492e+136]\n",
      " [  4.00130532e+030  -7.13306313e+032   4.77698707e+037   1.13453109e+041\n",
      "    5.44911852e+044   2.27448742e+048   1.01827068e+052   4.61842835e+055\n",
      "    2.13609538e+059   1.00105323e+063   4.74207432e+066   2.26529030e+070\n",
      "    1.08939340e+074   5.26709556e+077   2.55762357e+081   1.24632840e+085\n",
      "    6.09095420e+088   2.98386309e+092   1.46467359e+096   7.20166384e+099\n",
      "    3.54603427e+103   1.74815456e+107   8.62717441e+110   4.26134950e+114\n",
      "    2.10651173e+118   1.04201843e+122   5.15756969e+125   2.55412343e+129\n",
      "    1.26543294e+133   6.27211490e+136   3.10990220e+140]\n",
      " [  6.93413089e+033   5.88160801e+037   1.17072573e+041   5.45281022e+044\n",
      "    2.27566964e+048   1.01822893e+052   4.61850819e+055   2.13608735e+059\n",
      "    1.00105323e+063   4.74207137e+066   2.26528968e+070   1.08939319e+074\n",
      "    5.26709496e+077   2.55762339e+081   1.24632835e+085   6.09095403e+088\n",
      "    2.98386303e+092   1.46467357e+096   7.20166379e+099   3.54603425e+103\n",
      "    1.74815456e+107   8.62717439e+110   4.26134950e+114   2.10651173e+118\n",
      "    1.04201843e+122   5.15756969e+125   2.55412343e+129   1.26543294e+133\n",
      "    6.27211490e+136   3.10990220e+140   1.54248217e+144]\n",
      " [  3.34501945e+037   1.64095428e+041   5.58437743e+044   2.27751825e+048\n",
      "    1.01859732e+052   4.61841653e+055   2.13611440e+059   1.00105203e+063\n",
      "    4.74207432e+066   2.26528968e+070   1.08939325e+074   5.26709506e+077\n",
      "    2.55762343e+081   1.24632835e+085   6.09095406e+088   2.98386304e+092\n",
      "    1.46467357e+096   7.20166380e+099   3.54603426e+103   1.74815456e+107\n",
      "    8.62717439e+110   4.26134950e+114   2.10651173e+118   1.04201843e+122\n",
      "    5.15756969e+125   2.55412343e+129   1.26543294e+133   6.27211490e+136\n",
      "    3.10990220e+140   1.54248217e+144   7.65278121e+147]\n",
      " [  1.25274807e+041   7.38121411e+044   2.32470465e+048   1.01939768e+052\n",
      "    4.61956440e+055   2.13609143e+059   1.00105969e+063   4.74207020e+066\n",
      "    2.26529030e+070   1.08939319e+074   5.26709506e+077   2.55762340e+081\n",
      "    1.24632835e+085   6.09095404e+088   2.98386304e+092   1.46467357e+096\n",
      "    7.20166379e+099   3.54603425e+103   1.74815456e+107   8.62717439e+110\n",
      "    4.26134950e+114   2.10651173e+118   1.04201843e+122   5.15756969e+125\n",
      "    2.55412343e+129   1.26543294e+133   6.27211490e+136   3.10990220e+140\n",
      "    1.54248217e+144   7.65278121e+147   3.79779083e+151]\n",
      " [  5.30011358e+044   3.07213608e+048   1.03754921e+052   4.62311286e+055\n",
      "    2.13646556e+059   1.00105507e+063   4.74209356e+066   2.26528927e+070\n",
      "    1.08939340e+074   5.26709496e+077   2.55762343e+081   1.24632835e+085\n",
      "    6.09095405e+088   2.98386304e+092   1.46467357e+096   7.20166379e+099\n",
      "    3.54603425e+103   1.74815456e+107   8.62717439e+110   4.26134950e+114\n",
      "    2.10651173e+118   1.04201843e+122   5.15756969e+125   2.55412343e+129\n",
      "    1.26543294e+133   6.27211490e+136   3.10990220e+140   1.54248217e+144\n",
      "    7.65278121e+147   3.79779083e+151   1.88514101e+155]\n",
      " [  2.28197205e+048   1.35626547e+052   4.69576707e+055   2.13802620e+059\n",
      "    1.00118121e+063   4.74208747e+066   2.26529637e+070   1.08939311e+074\n",
      "    5.26709556e+077   2.55762339e+081   1.24632835e+085   6.09095404e+088\n",
      "    2.98386304e+092   1.46467357e+096   7.20166379e+099   3.54603425e+103\n",
      "    1.74815456e+107   8.62717439e+110   4.26134950e+114   2.10651173e+118\n",
      "    1.04201843e+122   5.15756969e+125   2.55412343e+129   1.26543294e+133\n",
      "    6.27211490e+136   3.10990220e+140   1.54248217e+144   7.65278121e+147\n",
      "    3.79779083e+151   1.88514101e+155   9.35938924e+158]\n",
      " [  1.01541710e+052   6.09703750e+055   2.16829916e+059   1.00187074e+063\n",
      "    4.74253045e+066   2.26529762e+070   1.08939533e+074   5.26709482e+077\n",
      "    2.55762357e+081   1.24632835e+085   6.09095406e+088   2.98386304e+092\n",
      "    1.46467357e+096   7.20166379e+099   3.54603425e+103   1.74815456e+107\n",
      "    8.62717439e+110   4.26134950e+114   2.10651173e+118   1.04201843e+122\n",
      "    5.15756969e+125   2.55412343e+129   1.26543294e+133   6.27211490e+136\n",
      "    3.10990220e+140   1.54248217e+144   7.65278121e+147   3.79779083e+151\n",
      "    1.88514101e+155   9.35938924e+158   4.64764570e+162]\n",
      " [  4.61492633e+055   2.79809059e+059   1.01489984e+063   4.74559567e+066\n",
      "    2.26545970e+070   1.08939693e+074   5.26710184e+077   2.55762339e+081\n",
      "    1.24632840e+085   6.09095403e+088   2.98386304e+092   1.46467357e+096\n",
      "    7.20166379e+099   3.54603425e+103   1.74815456e+107   8.62717439e+110\n",
      "    4.26134950e+114   2.10651173e+118   1.04201843e+122   5.15756969e+125\n",
      "    2.55412343e+129   1.26543294e+133   6.27211490e+136   3.10990220e+140\n",
      "    1.54248217e+144   7.65278121e+147   3.79779083e+151   1.88514101e+155\n",
      "    9.35938924e+158   4.64764570e+162   2.30830043e+166]\n",
      " [  2.13443910e+059   1.30317357e+063   4.80321012e+066   2.26683447e+070\n",
      "    1.08945874e+074   5.26711172e+077   2.55762567e+081   1.24632836e+085\n",
      "    6.09095420e+088   2.98386303e+092   1.46467357e+096   7.20166379e+099\n",
      "    3.54603425e+103   1.74815456e+107   8.62717439e+110   4.26134950e+114\n",
      "    2.10651173e+118   1.04201843e+122   5.15756969e+125   2.55412343e+129\n",
      "    1.26543294e+133   6.27211490e+136   3.10990220e+140   1.54248217e+144\n",
      "    7.65278121e+147   3.79779083e+151   1.88514101e+155   9.35938924e+158\n",
      "    4.64764570e+162   2.30830043e+166   1.14661685e+170]\n",
      " [  1.00055038e+063   6.14208708e+066   2.29287628e+070   1.09008160e+074\n",
      "    5.26735701e+077   2.55763077e+081   1.24632912e+085   6.09095412e+088\n",
      "    2.98386309e+092   1.46467357e+096   7.20166380e+099   3.54603425e+103\n",
      "    1.74815456e+107   8.62717439e+110   4.26134950e+114   2.10651173e+118\n",
      "    1.04201843e+122   5.15756969e+125   2.55412343e+129   1.26543294e+133\n",
      "    6.27211490e+136   3.10990220e+140   1.54248217e+144   7.65278121e+147\n",
      "    3.79779083e+151   1.88514101e+155   9.35938924e+158   4.64764570e+162\n",
      "    2.30830043e+166   1.14661685e+170   5.69645397e+173]\n",
      " [  4.74020388e+066   2.92207828e+070   1.10206245e+074   5.27020901e+077\n",
      "    2.55773176e+081   1.24633158e+085   6.09095676e+088   2.98386308e+092\n",
      "    1.46467359e+096   7.20166379e+099   3.54603426e+103   1.74815456e+107\n",
      "    8.62717439e+110   4.26134950e+114   2.10651173e+118   1.04201843e+122\n",
      "    5.15756969e+125   2.55412343e+129   1.26543294e+133   6.27211490e+136\n",
      "    3.10990220e+140   1.54248217e+144   7.65278121e+147   3.79779083e+151\n",
      "    1.88514101e+155   9.35938924e+158   4.64764570e+162   2.30830043e+166\n",
      "    1.14661685e+170   5.69645397e+173   2.83038448e+177]\n",
      " [  2.26457439e+070   1.40057971e+074   5.32611475e+077   2.55905132e+081\n",
      "    1.24637453e+085   6.09096818e+088   2.98386402e+092   1.46467359e+096\n",
      "    7.20166384e+099   3.54603425e+103   1.74815456e+107   8.62717439e+110\n",
      "    4.26134950e+114   2.10651173e+118   1.04201843e+122   5.15756969e+125\n",
      "    2.55412343e+129   1.26543294e+133   6.27211490e+136   3.10990220e+140\n",
      "    1.54248217e+144   7.65278121e+147   3.79779083e+151   1.88514101e+155\n",
      "    9.35938924e+158   4.64764570e+162   2.30830043e+166   1.14661685e+170\n",
      "    5.69645397e+173   2.83038448e+177   1.40648698e+181]\n",
      " [  1.08909780e+074   6.75335405e+077   2.58543599e+081   1.24699108e+085\n",
      "    6.09115607e+088   2.98386927e+092   1.46467394e+096   7.20166389e+099\n",
      "    3.54603427e+103   1.74815456e+107   8.62717439e+110   4.26134950e+114\n",
      "    2.10651173e+118   1.04201843e+122   5.15756969e+125   2.55412343e+129\n",
      "    1.26543294e+133   6.27211490e+136   3.10990220e+140   1.54248217e+144\n",
      "    7.65278121e+147   3.79779083e+151   1.88514101e+155   9.35938924e+158\n",
      "    4.64764570e+162   2.30830043e+166   1.14661685e+170   5.69645397e+173\n",
      "    2.83038448e+177   1.40648698e+181   6.98989797e+184]\n",
      " [  5.26581067e+077   3.27210495e+081   1.25955711e+085   6.09406263e+088\n",
      "    2.98395341e+092   1.46467634e+096   7.20166522e+099   3.54603430e+103\n",
      "    1.74815456e+107   8.62717439e+110   4.26134950e+114   2.10651173e+118\n",
      "    1.04201843e+122   5.15756969e+125   2.55412343e+129   1.26543294e+133\n",
      "    6.27211490e+136   3.10990220e+140   1.54248217e+144   7.65278121e+147\n",
      "    3.79779083e+151   1.88514101e+155   9.35938924e+158   4.64764570e+162\n",
      "    2.30830043e+166   1.14661685e+170   5.69645397e+173   2.83038448e+177\n",
      "    1.40648698e+181   6.98989797e+184   3.47413462e+188]\n",
      " [  2.55704133e+081   1.59162165e+085   6.15434965e+088   2.98533455e+092\n",
      "    1.46471476e+096   7.20167624e+099   3.54603482e+103   1.74815458e+107\n",
      "    8.62717441e+110   4.26134950e+114   2.10651173e+118   1.04201843e+122\n",
      "    5.15756969e+125   2.55412343e+129   1.26543294e+133   6.27211490e+136\n",
      "    3.10990220e+140   1.54248217e+144   7.65278121e+147   3.79779083e+151\n",
      "    1.88514101e+155   9.35938924e+158   4.64764570e+162   2.30830043e+166\n",
      "    1.14661685e+170   5.69645397e+173   2.83038448e+177   1.40648698e+181\n",
